 5.91103887e-006 1.18220777e-005 1.77331166e-005 2.36441555e-005 2.95551943e-005 3.54662332e-005 4.13772721e-005 4.72883109e-005 5.31993498e-005 5.91103887e-005 6.50214275e-005 7.09324664e-005 7.68435052e-005 8.27545441e-005 8.86655830e-005 9.45766218e-005 1.00487661e-004 1.06398700e-004 1.12309738e-004 1.18220777e-004 1.24131816e-004 1.30042855e-004 1.35953894e-004 1.41864933e-004 1.47775972e-004 1.53687010e-004 1.59598049e-004 1.65509088e-004 1.71420127e-004 1.77331166e-004 1.83242205e-004 1.89153244e-004 1.95064283e-004 2.00975321e-004 2.06886360e-004 2.12797399e-004 2.18708438e-004 2.24619477e-004 2.30530516e-004 2.36441555e-004 2.42352593e-004 2.48263632e-004 2.54174671e-004 2.60085710e-004 2.65996749e-004 2.71907788e-004 2.77818827e-004 2.83729866e-004 2.89640904e-004 2.95551943e-004 3.01462982e-004 3.07374021e-004 3.13285060e-004 3.19196099e-004 3.25107138e-004 3.31018176e-004 3.36929215e-004 3.42840254e-004 3.48751293e-004 3.54662332e-004 3.60573371e-004 3.66484410e-004 3.72395449e-004 3.78306487e-004 3.84217526e-004 3.90128565e-004 3.96039604e-004 4.01950643e-004 4.07861682e-004 4.13772721e-004 4.19683759e-004 4.25594798e-004 4.31505837e-004 4.37416876e-004 4.43327915e-004 4.49238954e-004 4.55149993e-004 4.61061031e-004 4.66972070e-004 4.72883109e-004 4.78794148e-004 4.84705187e-004 4.90616226e-004 4.96527265e-004 5.02438304e-004 5.08349342e-004 5.14260381e-004 5.20171420e-004 5.26082459e-004 5.31993498e-004 5.37904537e-004 5.43815576e-004 5.49726614e-004 5.55637653e-004 5.61548692e-004 5.67459731e-004 5.73370770e-004 5.79281809e-004 5.85192848e-004 5.91103887e-004
 1.18220777e-005 2.36441555e-005 3.54662332e-005 4.72883109e-005 5.91103887e-005 7.09324664e-005 8.27545441e-005 9.45766218e-005 1.06398700e-004 1.18220777e-004 1.30042855e-004 1.41864933e-004 1.53687010e-004 1.65509088e-004 1.77331166e-004 1.89153244e-004 2.00975321e-004 2.12797399e-004 2.24619477e-004 2.36441555e-004 2.48263632e-004 2.60085710e-004 2.71907788e-004 2.83729866e-004 2.95551943e-004 3.07374021e-004 3.19196099e-004 3.31018176e-004 3.42840254e-004 3.54662332e-004 3.66484410e-004 3.78306487e-004 3.90128565e-004 4.01950643e-004 4.13772721e-004 4.25594798e-004 4.37416876e-004 4.49238954e-004 4.61061031e-004 4.72883109e-004 4.84705187e-004 4.96527265e-004 5.08349342e-004 5.20171420e-004 5.31993498e-004 5.43815576e-004 5.55637653e-004 5.67459731e-004 5.79281809e-004 5.91103887e-004 6.02925964e-004 6.14748042e-004 6.26570120e-004 6.38392197e-004 6.50214275e-004 6.62036353e-004 6.73858431e-004 6.85680508e-004 6.97502586e-004 7.09324664e-004 7.21146742e-004 7.32968819e-004 7.44790897e-004 7.56612975e-004 7.68435052e-004 7.80257130e-004 7.92079208e-004 8.03901286e-004 8.15723363e-004 8.27545441e-004 8.39367519e-004 8.51189597e-004 8.63011674e-004 8.74833752e-004 8.86655830e-004 8.98477907e-004 9.10299985e-004 9.22122063e-004 9.33944141e-004 9.45766218e-004 9.57588296e-004 9.69410374e-004 9.81232452e-004 9.93054529e-004 1.00487661e-003 1.01669868e-003 1.02852076e-003 1.04034284e-003 1.05216492e-003 1.06398700e-003 1.07580907e-003 1.08763115e-003 1.09945323e-003 1.11127531e-003 1.12309738e-003 1.13491946e-003 1.14674154e-003 1.15856362e-003 1.17038570e-003 1.18220777e-003
 1.77331166e-005 3.54662332e-005 5.31993498e-005 7.09324664e-005 8.86655830e-005 1.06398700e-004 1.24131816e-004 1.41864933e-004 1.59598049e-004 1.77331166e-004 1.95064283e-004 2.12797399e-004 2.30530516e-004 2.48263632e-004 2.65996749e-004 2.83729866e-004 3.01462982e-004 3.19196099e-004 3.36929215e-004 3.54662332e-004 3.72395449e-004 3.90128565e-004 4.07861682e-004 4.25594798e-004 4.43327915e-004 4.61061031e-004 4.78794148e-004 4.96527265e-004 5.14260381e-004 5.31993498e-004 5.49726614e-004 5.67459731e-004 5.85192848e-004 6.02925964e-004 6.20659081e-004 6.38392197e-004 6.56125314e-004 6.73858431e-004 6.91591547e-004 7.09324664e-004 7.27057780e-004 7.44790897e-004 7.62524014e-004 7.80257130e-004 7.97990247e-004 8.15723363e-004 8.33456480e-004 8.51189597e-004 8.68922713e-004 8.86655830e-004 9.04388946e-004 9.22122063e-004 9.39855180e-004 9.57588296e-004 9.75321413e-004 9.93054529e-004 1.01078765e-003 1.02852076e-003 1.04625388e-003 1.06398700e-003 1.08172011e-003 1.09945323e-003 1.11718635e-003 1.13491946e-003 1.15265258e-003 1.17038570e-003 1.18811881e-003 1.20585193e-003 1.22358505e-003 1.24131816e-003 1.25905128e-003 1.27678439e-003 1.29451751e-003 1.31225063e-003 1.32998374e-003 1.34771686e-003 1.36544998e-003 1.38318309e-003 1.40091621e-003 1.41864933e-003 1.43638244e-003 1.45411556e-003 1.47184868e-003 1.48958179e-003 1.50731491e-003 1.52504803e-003 1.54278114e-003 1.56051426e-003 1.57824738e-003 1.59598049e-003 1.61371361e-003 1.63144673e-003 1.64917984e-003 1.66691296e-003 1.68464608e-003 1.70237919e-003 1.72011231e-003 1.73784543e-003 1.75557854e-003 1.77331166e-003
 2.36441555e-005 4.72883109e-005 7.09324664e-005 9.45766218e-005 1.18220777e-004 1.41864933e-004 1.65509088e-004 1.89153244e-004 2.12797399e-004 2.36441555e-004 2.60085710e-004 2.83729866e-004 3.07374021e-004 3.31018176e-004 3.54662332e-004 3.78306487e-004 4.01950643e-004 4.25594798e-004 4.49238954e-004 4.72883109e-004 4.96527265e-004 5.20171420e-004 5.43815576e-004 5.67459731e-004 5.91103887e-004 6.14748042e-004 6.38392197e-004 6.62036353e-004 6.85680508e-004 7.09324664e-004 7.32968819e-004 7.56612975e-004 7.80257130e-004 8.03901286e-004 8.27545441e-004 8.51189597e-004 8.74833752e-004 8.98477907e-004 9.22122063e-004 9.45766218e-004 9.69410374e-004 9.93054529e-004 1.01669868e-003 1.04034284e-003 1.06398700e-003 1.08763115e-003 1.11127531e-003 1.13491946e-003 1.15856362e-003 1.18220777e-003 1.20585193e-003 1.22949608e-003 1.25314024e-003 1.27678439e-003 1.30042855e-003 1.32407271e-003 1.34771686e-003 1.37136102e-003 1.39500517e-003 1.41864933e-003 1.44229348e-003 1.46593764e-003 1.48958179e-003 1.51322595e-003 1.53687010e-003 1.56051426e-003 1.58415842e-003 1.60780257e-003 1.63144673e-003 1.65509088e-003 1.67873504e-003 1.70237919e-003 1.72602335e-003 1.74966750e-003 1.77331166e-003 1.79695581e-003 1.82059997e-003 1.84424413e-003 1.86788828e-003 1.89153244e-003 1.91517659e-003 1.93882075e-003 1.96246490e-003 1.98610906e-003 2.00975321e-003 2.03339737e-003 2.05704153e-003 2.08068568e-003 2.10432984e-003 2.12797399e-003 2.15161815e-003 2.17526230e-003 2.19890646e-003 2.22255061e-003 2.24619477e-003 2.26983892e-003 2.29348308e-003 2.31712724e-003 2.34077139e-003 2.36441555e-003
 2.95551943e-005 5.91103887e-005 8.86655830e-005 1.18220777e-004 1.47775972e-004 1.77331166e-004 2.06886360e-004 2.36441555e-004 2.65996749e-004 2.95551943e-004 3.25107138e-004 3.54662332e-004 3.84217526e-004 4.13772721e-004 4.43327915e-004 4.72883109e-004 5.02438304e-004 5.31993498e-004 5.61548692e-004 5.91103887e-004 6.20659081e-004 6.50214275e-004 6.79769469e-004 7.09324664e-004 7.38879858e-004 7.68435052e-004 7.97990247e-004 8.27545441e-004 8.57100635e-004 8.86655830e-004 9.16211024e-004 9.45766218e-004 9.75321413e-004 1.00487661e-003 1.03443180e-003 1.06398700e-003 1.09354219e-003 1.12309738e-003 1.15265258e-003 1.18220777e-003 1.21176297e-003 1.24131816e-003 1.27087336e-003 1.30042855e-003 1.32998374e-003 1.35953894e-003 1.38909413e-003 1.41864933e-003 1.44820452e-003 1.47775972e-003 1.50731491e-003 1.53687010e-003 1.56642530e-003 1.59598049e-003 1.62553569e-003 1.65509088e-003 1.68464608e-003 1.71420127e-003 1.74375647e-003 1.77331166e-003 1.80286685e-003 1.83242205e-003 1.86197724e-003 1.89153244e-003 1.92108763e-003 1.95064283e-003 1.98019802e-003 2.00975321e-003 2.03930841e-003 2.06886360e-003 2.09841880e-003 2.12797399e-003 2.15752919e-003 2.18708438e-003 2.21663957e-003 2.24619477e-003 2.27574996e-003 2.30530516e-003 2.33486035e-003 2.36441555e-003 2.39397074e-003 2.42352593e-003 2.45308113e-003 2.48263632e-003 2.51219152e-003 2.54174671e-003 2.57130191e-003 2.60085710e-003 2.63041229e-003 2.65996749e-003 2.68952268e-003 2.71907788e-003 2.74863307e-003 2.77818827e-003 2.80774346e-003 2.83729866e-003 2.86685385e-003 2.89640904e-003 2.92596424e-003 2.95551943e-003
 3.54662332e-005 7.09324664e-005 1.06398700e-004 1.41864933e-004 1.77331166e-004 2.12797399e-004 2.48263632e-004 2.83729866e-004 3.19196099e-004 3.54662332e-004 3.90128565e-004 4.25594798e-004 4.61061031e-004 4.96527265e-004 5.31993498e-004 5.67459731e-004 6.02925964e-004 6.38392197e-004 6.73858431e-004 7.09324664e-004 7.44790897e-004 7.80257130e-004 8.15723363e-004 8.51189597e-004 8.86655830e-004 9.22122063e-004 9.57588296e-004 9.93054529e-004 1.02852076e-003 1.06398700e-003 1.09945323e-003 1.13491946e-003 1.17038570e-003 1.20585193e-003 1.24131816e-003 1.27678439e-003 1.31225063e-003 1.34771686e-003 1.38318309e-003 1.41864933e-003 1.45411556e-003 1.48958179e-003 1.52504803e-003 1.56051426e-003 1.59598049e-003 1.63144673e-003 1.66691296e-003 1.70237919e-003 1.73784543e-003 1.77331166e-003 1.80877789e-003 1.84424413e-003 1.87971036e-003 1.91517659e-003 1.95064283e-003 1.98610906e-003 2.02157529e-003 2.05704153e-003 2.09250776e-003 2.12797399e-003 2.16344022e-003 2.19890646e-003 2.23437269e-003 2.26983892e-003 2.30530516e-003 2.34077139e-003 2.37623762e-003 2.41170386e-003 2.44717009e-003 2.48263632e-003 2.51810256e-003 2.55356879e-003 2.58903502e-003 2.62450126e-003 2.65996749e-003 2.69543372e-003 2.73089996e-003 2.76636619e-003 2.80183242e-003 2.83729866e-003 2.87276489e-003 2.90823112e-003 2.94369735e-003 2.97916359e-003 3.01462982e-003 3.05009605e-003 3.08556229e-003 3.12102852e-003 3.15649475e-003 3.19196099e-003 3.22742722e-003 3.26289345e-003 3.29835969e-003 3.33382592e-003 3.36929215e-003 3.40475839e-003 3.44022462e-003 3.47569085e-003 3.51115709e-003 3.54662332e-003
 4.13772721e-005 8.27545441e-005 1.24131816e-004 1.65509088e-004 2.06886360e-004 2.48263632e-004 2.89640904e-004 3.31018176e-004 3.72395449e-004 4.13772721e-004 4.55149993e-004 4.96527265e-004 5.37904537e-004 5.79281809e-004 6.20659081e-004 6.62036353e-004 7.03413625e-004 7.44790897e-004 7.86168169e-004 8.27545441e-004 8.68922713e-004 9.10299985e-004 9.51677257e-004 9.93054529e-004 1.03443180e-003 1.07580907e-003 1.11718635e-003 1.15856362e-003 1.19994089e-003 1.24131816e-003 1.28269543e-003 1.32407271e-003 1.36544998e-003 1.40682725e-003 1.44820452e-003 1.48958179e-003 1.53095907e-003 1.57233634e-003 1.61371361e-003 1.65509088e-003 1.69646815e-003 1.73784543e-003 1.77922270e-003 1.82059997e-003 1.86197724e-003 1.90335451e-003 1.94473179e-003 1.98610906e-003 2.02748633e-003 2.06886360e-003 2.11024087e-003 2.15161815e-003 2.19299542e-003 2.23437269e-003 2.27574996e-003 2.31712724e-003 2.35850451e-003 2.39988178e-003 2.44125905e-003 2.48263632e-003 2.52401360e-003 2.56539087e-003 2.60676814e-003 2.64814541e-003 2.68952268e-003 2.73089996e-003 2.77227723e-003 2.81365450e-003 2.85503177e-003 2.89640904e-003 2.93778632e-003 2.97916359e-003 3.02054086e-003 3.06191813e-003 3.10329540e-003 3.14467268e-003 3.18604995e-003 3.22742722e-003 3.26880449e-003 3.31018176e-003 3.35155904e-003 3.39293631e-003 3.43431358e-003 3.47569085e-003 3.51706812e-003 3.55844540e-003 3.59982267e-003 3.64119994e-003 3.68257721e-003 3.72395449e-003 3.76533176e-003 3.80670903e-003 3.84808630e-003 3.88946357e-003 3.93084085e-003 3.97221812e-003 4.01359539e-003 4.05497266e-003 4.09634993e-003 4.13772721e-003
 4.72883109e-005 9.45766218e-005 1.41864933e-004 1.89153244e-004 2.36441555e-004 2.83729866e-004 3.31018176e-004 3.78306487e-004 4.25594798e-004 4.72883109e-004 5.20171420e-004 5.67459731e-004 6.14748042e-004 6.62036353e-004 7.09324664e-004 7.56612975e-004 8.03901286e-004 8.51189597e-004 8.98477907e-004 9.45766218e-004 9.93054529e-004 1.04034284e-003 1.08763115e-003 1.13491946e-003 1.18220777e-003 1.22949608e-003 1.27678439e-003 1.32407271e-003 1.37136102e-003 1.41864933e-003 1.46593764e-003 1.51322595e-003 1.56051426e-003 1.60780257e-003 1.65509088e-003 1.70237919e-003 1.74966750e-003 1.79695581e-003 1.84424413e-003 1.89153244e-003 1.93882075e-003 1.98610906e-003 2.03339737e-003 2.08068568e-003 2.12797399e-003 2.17526230e-003 2.22255061e-003 2.26983892e-003 2.31712724e-003 2.36441555e-003 2.41170386e-003 2.45899217e-003 2.50628048e-003 2.55356879e-003 2.60085710e-003 2.64814541e-003 2.69543372e-003 2.74272203e-003 2.79001034e-003 2.83729866e-003 2.88458697e-003 2.93187528e-003 2.97916359e-003 3.02645190e-003 3.07374021e-003 3.12102852e-003 3.16831683e-003 3.21560514e-003 3.26289345e-003 3.31018176e-003 3.35747008e-003 3.40475839e-003 3.45204670e-003 3.49933501e-003 3.54662332e-003 3.59391163e-003 3.64119994e-003 3.68848825e-003 3.73577656e-003 3.78306487e-003 3.83035318e-003 3.87764150e-003 3.92492981e-003 3.97221812e-003 4.01950643e-003 4.06679474e-003 4.11408305e-003 4.16137136e-003 4.20865967e-003 4.25594798e-003 4.30323629e-003 4.35052460e-003 4.39781292e-003 4.44510123e-003 4.49238954e-003 4.53967785e-003 4.58696616e-003 4.63425447e-003 4.68154278e-003 4.72883109e-003
 5.31993498e-005 1.06398700e-004 1.59598049e-004 2.12797399e-004 2.65996749e-004 3.19196099e-004 3.72395449e-004 4.25594798e-004 4.78794148e-004 5.31993498e-004 5.85192848e-004 6.38392197e-004 6.91591547e-004 7.44790897e-004 7.97990247e-004 8.51189597e-004 9.04388946e-004 9.57588296e-004 1.01078765e-003 1.06398700e-003 1.11718635e-003 1.17038570e-003 1.22358505e-003 1.27678439e-003 1.32998374e-003 1.38318309e-003 1.43638244e-003 1.48958179e-003 1.54278114e-003 1.59598049e-003 1.64917984e-003 1.70237919e-003 1.75557854e-003 1.80877789e-003 1.86197724e-003 1.91517659e-003 1.96837594e-003 2.02157529e-003 2.07477464e-003 2.12797399e-003 2.18117334e-003 2.23437269e-003 2.28757204e-003 2.34077139e-003 2.39397074e-003 2.44717009e-003 2.50036944e-003 2.55356879e-003 2.60676814e-003 2.65996749e-003 2.71316684e-003 2.76636619e-003 2.81956554e-003 2.87276489e-003 2.92596424e-003 2.97916359e-003 3.03236294e-003 3.08556229e-003 3.13876164e-003 3.19196099e-003 3.24516034e-003 3.29835969e-003 3.35155904e-003 3.40475839e-003 3.45795774e-003 3.51115709e-003 3.56435644e-003 3.61755579e-003 3.67075514e-003 3.72395449e-003 3.77715383e-003 3.83035318e-003 3.88355253e-003 3.93675188e-003 3.98995123e-003 4.04315058e-003 4.09634993e-003 4.14954928e-003 4.20274863e-003 4.25594798e-003 4.30914733e-003 4.36234668e-003 4.41554603e-003 4.46874538e-003 4.52194473e-003 4.57514408e-003 4.62834343e-003 4.68154278e-003 4.73474213e-003 4.78794148e-003 4.84114083e-003 4.89434018e-003 4.94753953e-003 5.00073888e-003 5.05393823e-003 5.10713758e-003 5.16033693e-003 5.21353628e-003 5.26673563e-003 5.31993498e-003
 5.91103887e-005 1.18220777e-004 1.77331166e-004 2.36441555e-004 2.95551943e-004 3.54662332e-004 4.13772721e-004 4.72883109e-004 5.31993498e-004 5.91103887e-004 6.50214275e-004 7.09324664e-004 7.68435052e-004 8.27545441e-004 8.86655830e-004 9.45766218e-004 1.00487661e-003 1.06398700e-003 1.12309738e-003 1.18220777e-003 1.24131816e-003 1.30042855e-003 1.35953894e-003 1.41864933e-003 1.47775972e-003 1.53687010e-003 1.59598049e-003 1.65509088e-003 1.71420127e-003 1.77331166e-003 1.83242205e-003 1.89153244e-003 1.95064283e-003 2.00975321e-003 2.06886360e-003 2.12797399e-003 2.18708438e-003 2.24619477e-003 2.30530516e-003 2.36441555e-003 2.42352593e-003 2.48263632e-003 2.54174671e-003 2.60085710e-003 2.65996749e-003 2.71907788e-003 2.77818827e-003 2.83729866e-003 2.89640904e-003 2.95551943e-003 3.01462982e-003 3.07374021e-003 3.13285060e-003 3.19196099e-003 3.25107138e-003 3.31018176e-003 3.36929215e-003 3.42840254e-003 3.48751293e-003 3.54662332e-003 3.60573371e-003 3.66484410e-003 3.72395449e-003 3.78306487e-003 3.84217526e-003 3.90128565e-003 3.96039604e-003 4.01950643e-003 4.07861682e-003 4.13772721e-003 4.19683759e-003 4.25594798e-003 4.31505837e-003 4.37416876e-003 4.43327915e-003 4.49238954e-003 4.55149993e-003 4.61061031e-003 4.66972070e-003 4.72883109e-003 4.78794148e-003 4.84705187e-003 4.90616226e-003 4.96527265e-003 5.02438304e-003 5.08349342e-003 5.14260381e-003 5.20171420e-003 5.26082459e-003 5.31993498e-003 5.37904537e-003 5.43815576e-003 5.49726614e-003 5.55637653e-003 5.61548692e-003 5.67459731e-003 5.73370770e-003 5.79281809e-003 5.85192848e-003 5.91103887e-003
 6.50214275e-005 1.30042855e-004 1.95064283e-004 2.60085710e-004 3.25107138e-004 3.90128565e-004 4.55149993e-004 5.20171420e-004 5.85192848e-004 6.50214275e-004 7.15235703e-004 7.80257130e-004 8.45278558e-004 9.10299985e-004 9.75321413e-004 1.04034284e-003 1.10536427e-003 1.17038570e-003 1.23540712e-003 1.30042855e-003 1.36544998e-003 1.43047141e-003 1.49549283e-003 1.56051426e-003 1.62553569e-003 1.69055712e-003 1.75557854e-003 1.82059997e-003 1.88562140e-003 1.95064283e-003 2.01566425e-003 2.08068568e-003 2.14570711e-003 2.21072854e-003 2.27574996e-003 2.34077139e-003 2.40579282e-003 2.47081425e-003 2.53583567e-003 2.60085710e-003 2.66587853e-003 2.73089996e-003 2.79592138e-003 2.86094281e-003 2.92596424e-003 2.99098567e-003 3.05600709e-003 3.12102852e-003 3.18604995e-003 3.25107138e-003 3.31609280e-003 3.38111423e-003 3.44613566e-003 3.51115709e-003 3.57617851e-003 3.64119994e-003 3.70622137e-003 3.77124280e-003 3.83626422e-003 3.90128565e-003 3.96630708e-003 4.03132851e-003 4.09634993e-003 4.16137136e-003 4.22639279e-003 4.29141422e-003 4.35643564e-003 4.42145707e-003 4.48647850e-003 4.55149993e-003 4.61652135e-003 4.68154278e-003 4.74656421e-003 4.81158564e-003 4.87660706e-003 4.94162849e-003 5.00664992e-003 5.07167135e-003 5.13669277e-003 5.20171420e-003 5.26673563e-003 5.33175706e-003 5.39677848e-003 5.46179991e-003 5.52682134e-003 5.59184277e-003 5.65686419e-003 5.72188562e-003 5.78690705e-003 5.85192848e-003 5.91694990e-003 5.98197133e-003 6.04699276e-003 6.11201419e-003 6.17703561e-003 6.24205704e-003 6.30707847e-003 6.37209990e-003 6.43712132e-003 6.50214275e-003
 7.09324664e-005 1.41864933e-004 2.12797399e-004 2.83729866e-004 3.54662332e-004 4.25594798e-004 4.96527265e-004 5.67459731e-004 6.38392197e-004 7.09324664e-004 7.80257130e-004 8.51189597e-004 9.22122063e-004 9.93054529e-004 1.06398700e-003 1.13491946e-003 1.20585193e-003 1.27678439e-003 1.34771686e-003 1.41864933e-003 1.48958179e-003 1.56051426e-003 1.63144673e-003 1.70237919e-003 1.77331166e-003 1.84424413e-003 1.91517659e-003 1.98610906e-003 2.05704153e-003 2.12797399e-003 2.19890646e-003 2.26983892e-003 2.34077139e-003 2.41170386e-003 2.48263632e-003 2.55356879e-003 2.62450126e-003 2.69543372e-003 2.76636619e-003 2.83729866e-003 2.90823112e-003 2.97916359e-003 3.05009605e-003 3.12102852e-003 3.19196099e-003 3.26289345e-003 3.33382592e-003 3.40475839e-003 3.47569085e-003 3.54662332e-003 3.61755579e-003 3.68848825e-003 3.75942072e-003 3.83035318e-003 3.90128565e-003 3.97221812e-003 4.04315058e-003 4.11408305e-003 4.18501552e-003 4.25594798e-003 4.32688045e-003 4.39781292e-003 4.46874538e-003 4.53967785e-003 4.61061031e-003 4.68154278e-003 4.75247525e-003 4.82340771e-003 4.89434018e-003 4.96527265e-003 5.03620511e-003 5.10713758e-003 5.17807005e-003 5.24900251e-003 5.31993498e-003 5.39086744e-003 5.46179991e-003 5.53273238e-003 5.60366484e-003 5.67459731e-003 5.74552978e-003 5.81646224e-003 5.88739471e-003 5.95832718e-003 6.02925964e-003 6.10019211e-003 6.17112458e-003 6.24205704e-003 6.31298951e-003 6.38392197e-003 6.45485444e-003 6.52578691e-003 6.59671937e-003 6.66765184e-003 6.73858431e-003 6.80951677e-003 6.88044924e-003 6.95138171e-003 7.02231417e-003 7.09324664e-003
 7.68435052e-005 1.53687010e-004 2.30530516e-004 3.07374021e-004 3.84217526e-004 4.61061031e-004 5.37904537e-004 6.14748042e-004 6.91591547e-004 7.68435052e-004 8.45278558e-004 9.22122063e-004 9.98965568e-004 1.07580907e-003 1.15265258e-003 1.22949608e-003 1.30633959e-003 1.38318309e-003 1.46002660e-003 1.53687010e-003 1.61371361e-003 1.69055712e-003 1.76740062e-003 1.84424413e-003 1.92108763e-003 1.99793114e-003 2.07477464e-003 2.15161815e-003 2.22846165e-003 2.30530516e-003 2.38214866e-003 2.45899217e-003 2.53583567e-003 2.61267918e-003 2.68952268e-003 2.76636619e-003 2.84320969e-003 2.92005320e-003 2.99689670e-003 3.07374021e-003 3.15058372e-003 3.22742722e-003 3.30427073e-003 3.38111423e-003 3.45795774e-003 3.53480124e-003 3.61164475e-003 3.68848825e-003 3.76533176e-003 3.84217526e-003 3.91901877e-003 3.99586227e-003 4.07270578e-003 4.14954928e-003 4.22639279e-003 4.30323629e-003 4.38007980e-003 4.45692330e-003 4.53376681e-003 4.61061031e-003 4.68745382e-003 4.76429733e-003 4.84114083e-003 4.91798434e-003 4.99482784e-003 5.07167135e-003 5.14851485e-003 5.22535836e-003 5.30220186e-003 5.37904537e-003 5.45588887e-003 5.53273238e-003 5.60957588e-003 5.68641939e-003 5.76326289e-003 5.84010640e-003 5.91694990e-003 5.99379341e-003 6.07063691e-003 6.14748042e-003 6.22432392e-003 6.30116743e-003 6.37801094e-003 6.45485444e-003 6.53169795e-003 6.60854145e-003 6.68538496e-003 6.76222846e-003 6.83907197e-003 6.91591547e-003 6.99275898e-003 7.06960248e-003 7.14644599e-003 7.22328949e-003 7.30013300e-003 7.37697650e-003 7.45382001e-003 7.53066351e-003 7.60750702e-003 7.68435052e-003
 8.27545441e-005 1.65509088e-004 2.48263632e-004 3.31018176e-004 4.13772721e-004 4.96527265e-004 5.79281809e-004 6.62036353e-004 7.44790897e-004 8.27545441e-004 9.10299985e-004 9.93054529e-004 1.07580907e-003 1.15856362e-003 1.24131816e-003 1.32407271e-003 1.40682725e-003 1.48958179e-003 1.57233634e-003 1.65509088e-003 1.73784543e-003 1.82059997e-003 1.90335451e-003 1.98610906e-003 2.06886360e-003 2.15161815e-003 2.23437269e-003 2.31712724e-003 2.39988178e-003 2.48263632e-003 2.56539087e-003 2.64814541e-003 2.73089996e-003 2.81365450e-003 2.89640904e-003 2.97916359e-003 3.06191813e-003 3.14467268e-003 3.22742722e-003 3.31018176e-003 3.39293631e-003 3.47569085e-003 3.55844540e-003 3.64119994e-003 3.72395449e-003 3.80670903e-003 3.88946357e-003 3.97221812e-003 4.05497266e-003 4.13772721e-003 4.22048175e-003 4.30323629e-003 4.38599084e-003 4.46874538e-003 4.55149993e-003 4.63425447e-003 4.71700901e-003 4.79976356e-003 4.88251810e-003 4.96527265e-003 5.04802719e-003 5.13078173e-003 5.21353628e-003 5.29629082e-003 5.37904537e-003 5.46179991e-003 5.54455446e-003 5.62730900e-003 5.71006354e-003 5.79281809e-003 5.87557263e-003 5.95832718e-003 6.04108172e-003 6.12383626e-003 6.20659081e-003 6.28934535e-003 6.37209990e-003 6.45485444e-003 6.53760898e-003 6.62036353e-003 6.70311807e-003 6.78587262e-003 6.86862716e-003 6.95138171e-003 7.03413625e-003 7.11689079e-003 7.19964534e-003 7.28239988e-003 7.36515443e-003 7.44790897e-003 7.53066351e-003 7.61341806e-003 7.69617260e-003 7.77892715e-003 7.86168169e-003 7.94443623e-003 8.02719078e-003 8.10994532e-003 8.19269987e-003 8.27545441e-003
 8.86655830e-005 1.77331166e-004 2.65996749e-004 3.54662332e-004 4.43327915e-004 5.31993498e-004 6.20659081e-004 7.09324664e-004 7.97990247e-004 8.86655830e-004 9.75321413e-004 1.06398700e-003 1.15265258e-003 1.24131816e-003 1.32998374e-003 1.41864933e-003 1.50731491e-003 1.59598049e-003 1.68464608e-003 1.77331166e-003 1.86197724e-003 1.95064283e-003 2.03930841e-003 2.12797399e-003 2.21663957e-003 2.30530516e-003 2.39397074e-003 2.48263632e-003 2.57130191e-003 2.65996749e-003 2.74863307e-003 2.83729866e-003 2.92596424e-003 3.01462982e-003 3.10329540e-003 3.19196099e-003 3.28062657e-003 3.36929215e-003 3.45795774e-003 3.54662332e-003 3.63528890e-003 3.72395449e-003 3.81262007e-003 3.90128565e-003 3.98995123e-003 4.07861682e-003 4.16728240e-003 4.25594798e-003 4.34461357e-003 4.43327915e-003 4.52194473e-003 4.61061031e-003 4.69927590e-003 4.78794148e-003 4.87660706e-003 4.96527265e-003 5.05393823e-003 5.14260381e-003 5.23126940e-003 5.31993498e-003 5.40860056e-003 5.49726614e-003 5.58593173e-003 5.67459731e-003 5.76326289e-003 5.85192848e-003 5.94059406e-003 6.02925964e-003 6.11792523e-003 6.20659081e-003 6.29525639e-003 6.38392197e-003 6.47258756e-003 6.56125314e-003 6.64991872e-003 6.73858431e-003 6.82724989e-003 6.91591547e-003 7.00458106e-003 7.09324664e-003 7.18191222e-003 7.27057780e-003 7.35924339e-003 7.44790897e-003 7.53657455e-003 7.62524014e-003 7.71390572e-003 7.80257130e-003 7.89123688e-003 7.97990247e-003 8.06856805e-003 8.15723363e-003 8.24589922e-003 8.33456480e-003 8.42323038e-003 8.51189597e-003 8.60056155e-003 8.68922713e-003 8.77789271e-003 8.86655830e-003
 9.45766218e-005 1.89153244e-004 2.83729866e-004 3.78306487e-004 4.72883109e-004 5.67459731e-004 6.62036353e-004 7.56612975e-004 8.51189597e-004 9.45766218e-004 1.04034284e-003 1.13491946e-003 1.22949608e-003 1.32407271e-003 1.41864933e-003 1.51322595e-003 1.60780257e-003 1.70237919e-003 1.79695581e-003 1.89153244e-003 1.98610906e-003 2.08068568e-003 2.17526230e-003 2.26983892e-003 2.36441555e-003 2.45899217e-003 2.55356879e-003 2.64814541e-003 2.74272203e-003 2.83729866e-003 2.93187528e-003 3.02645190e-003 3.12102852e-003 3.21560514e-003 3.31018176e-003 3.40475839e-003 3.49933501e-003 3.59391163e-003 3.68848825e-003 3.78306487e-003 3.87764150e-003 3.97221812e-003 4.06679474e-003 4.16137136e-003 4.25594798e-003 4.35052460e-003 4.44510123e-003 4.53967785e-003 4.63425447e-003 4.72883109e-003 4.82340771e-003 4.91798434e-003 5.01256096e-003 5.10713758e-003 5.20171420e-003 5.29629082e-003 5.39086744e-003 5.48544407e-003 5.58002069e-003 5.67459731e-003 5.76917393e-003 5.86375055e-003 5.95832718e-003 6.05290380e-003 6.14748042e-003 6.24205704e-003 6.33663366e-003 6.43121029e-003 6.52578691e-003 6.62036353e-003 6.71494015e-003 6.80951677e-003 6.90409339e-003 6.99867002e-003 7.09324664e-003 7.18782326e-003 7.28239988e-003 7.37697650e-003 7.47155313e-003 7.56612975e-003 7.66070637e-003 7.75528299e-003 7.84985961e-003 7.94443623e-003 8.03901286e-003 8.13358948e-003 8.22816610e-003 8.32274272e-003 8.41731934e-003 8.51189597e-003 8.60647259e-003 8.70104921e-003 8.79562583e-003 8.89020245e-003 8.98477907e-003 9.07935570e-003 9.17393232e-003 9.26850894e-003 9.36308556e-003 9.45766218e-003
 1.00487661e-004 2.00975321e-004 3.01462982e-004 4.01950643e-004 5.02438304e-004 6.02925964e-004 7.03413625e-004 8.03901286e-004 9.04388946e-004 1.00487661e-003 1.10536427e-003 1.20585193e-003 1.30633959e-003 1.40682725e-003 1.50731491e-003 1.60780257e-003 1.70829023e-003 1.80877789e-003 1.90926555e-003 2.00975321e-003 2.11024087e-003 2.21072854e-003 2.31121620e-003 2.41170386e-003 2.51219152e-003 2.61267918e-003 2.71316684e-003 2.81365450e-003 2.91414216e-003 3.01462982e-003 3.11511748e-003 3.21560514e-003 3.31609280e-003 3.41658046e-003 3.51706812e-003 3.61755579e-003 3.71804345e-003 3.81853111e-003 3.91901877e-003 4.01950643e-003 4.11999409e-003 4.22048175e-003 4.32096941e-003 4.42145707e-003 4.52194473e-003 4.62243239e-003 4.72292005e-003 4.82340771e-003 4.92389537e-003 5.02438304e-003 5.12487070e-003 5.22535836e-003 5.32584602e-003 5.42633368e-003 5.52682134e-003 5.62730900e-003 5.72779666e-003 5.82828432e-003 5.92877198e-003 6.02925964e-003 6.12974730e-003 6.23023496e-003 6.33072262e-003 6.43121029e-003 6.53169795e-003 6.63218561e-003 6.73267327e-003 6.83316093e-003 6.93364859e-003 7.03413625e-003 7.13462391e-003 7.23511157e-003 7.33559923e-003 7.43608689e-003 7.53657455e-003 7.63706221e-003 7.73754987e-003 7.83803754e-003 7.93852520e-003 8.03901286e-003 8.13950052e-003 8.23998818e-003 8.34047584e-003 8.44096350e-003 8.54145116e-003 8.64193882e-003 8.74242648e-003 8.84291414e-003 8.94340180e-003 9.04388946e-003 9.14437712e-003 9.24486478e-003 9.34535245e-003 9.44584011e-003 9.54632777e-003 9.64681543e-003 9.74730309e-003 9.84779075e-003 9.94827841e-003 1.00487661e-002
 1.06398700e-004 2.12797399e-004 3.19196099e-004 4.25594798e-004 5.31993498e-004 6.38392197e-004 7.44790897e-004 8.51189597e-004 9.57588296e-004 1.06398700e-003 1.17038570e-003 1.27678439e-003 1.38318309e-003 1.48958179e-003 1.59598049e-003 1.70237919e-003 1.80877789e-003 1.91517659e-003 2.02157529e-003 2.12797399e-003 2.23437269e-003 2.34077139e-003 2.44717009e-003 2.55356879e-003 2.65996749e-003 2.76636619e-003 2.87276489e-003 2.97916359e-003 3.08556229e-003 3.19196099e-003 3.29835969e-003 3.40475839e-003 3.51115709e-003 3.61755579e-003 3.72395449e-003 3.83035318e-003 3.93675188e-003 4.04315058e-003 4.14954928e-003 4.25594798e-003 4.36234668e-003 4.46874538e-003 4.57514408e-003 4.68154278e-003 4.78794148e-003 4.89434018e-003 5.00073888e-003 5.10713758e-003 5.21353628e-003 5.31993498e-003 5.42633368e-003 5.53273238e-003 5.63913108e-003 5.74552978e-003 5.85192848e-003 5.95832718e-003 6.06472588e-003 6.17112458e-003 6.27752327e-003 6.38392197e-003 6.49032067e-003 6.59671937e-003 6.70311807e-003 6.80951677e-003 6.91591547e-003 7.02231417e-003 7.12871287e-003 7.23511157e-003 7.34151027e-003 7.44790897e-003 7.55430767e-003 7.66070637e-003 7.76710507e-003 7.87350377e-003 7.97990247e-003 8.08630117e-003 8.19269987e-003 8.29909857e-003 8.40549727e-003 8.51189597e-003 8.61829467e-003 8.72469336e-003 8.83109206e-003 8.93749076e-003 9.04388946e-003 9.15028816e-003 9.25668686e-003 9.36308556e-003 9.46948426e-003 9.57588296e-003 9.68228166e-003 9.78868036e-003 9.89507906e-003 1.00014778e-002 1.01078765e-002 1.02142752e-002 1.03206739e-002 1.04270726e-002 1.05334713e-002 1.06398700e-002
 1.12309738e-004 2.24619477e-004 3.36929215e-004 4.49238954e-004 5.61548692e-004 6.73858431e-004 7.86168169e-004 8.98477907e-004 1.01078765e-003 1.12309738e-003 1.23540712e-003 1.34771686e-003 1.46002660e-003 1.57233634e-003 1.68464608e-003 1.79695581e-003 1.90926555e-003 2.02157529e-003 2.13388503e-003 2.24619477e-003 2.35850451e-003 2.47081425e-003 2.58312398e-003 2.69543372e-003 2.80774346e-003 2.92005320e-003 3.03236294e-003 3.14467268e-003 3.25698241e-003 3.36929215e-003 3.48160189e-003 3.59391163e-003 3.70622137e-003 3.81853111e-003 3.93084085e-003 4.04315058e-003 4.15546032e-003 4.26777006e-003 4.38007980e-003 4.49238954e-003 4.60469928e-003 4.71700901e-003 4.82931875e-003 4.94162849e-003 5.05393823e-003 5.16624797e-003 5.27855771e-003 5.39086744e-003 5.50317718e-003 5.61548692e-003 5.72779666e-003 5.84010640e-003 5.95241614e-003 6.06472588e-003 6.17703561e-003 6.28934535e-003 6.40165509e-003 6.51396483e-003 6.62627457e-003 6.73858431e-003 6.85089404e-003 6.96320378e-003 7.07551352e-003 7.18782326e-003 7.30013300e-003 7.41244274e-003 7.52475248e-003 7.63706221e-003 7.74937195e-003 7.86168169e-003 7.97399143e-003 8.08630117e-003 8.19861091e-003 8.31092064e-003 8.42323038e-003 8.53554012e-003 8.64784986e-003 8.76015960e-003 8.87246934e-003 8.98477907e-003 9.09708881e-003 9.20939855e-003 9.32170829e-003 9.43401803e-003 9.54632777e-003 9.65863751e-003 9.77094724e-003 9.88325698e-003 9.99556672e-003 1.01078765e-002 1.02201862e-002 1.03324959e-002 1.04448057e-002 1.05571154e-002 1.06694252e-002 1.07817349e-002 1.08940446e-002 1.10063544e-002 1.11186641e-002 1.12309738e-002
 1.18220777e-004 2.36441555e-004 3.54662332e-004 4.72883109e-004 5.91103887e-004 7.09324664e-004 8.27545441e-004 9.45766218e-004 1.06398700e-003 1.18220777e-003 1.30042855e-003 1.41864933e-003 1.53687010e-003 1.65509088e-003 1.77331166e-003 1.89153244e-003 2.00975321e-003 2.12797399e-003 2.24619477e-003 2.36441555e-003 2.48263632e-003 2.60085710e-003 2.71907788e-003 2.83729866e-003 2.95551943e-003 3.07374021e-003 3.19196099e-003 3.31018176e-003 3.42840254e-003 3.54662332e-003 3.66484410e-003 3.78306487e-003 3.90128565e-003 4.01950643e-003 4.13772721e-003 4.25594798e-003 4.37416876e-003 4.49238954e-003 4.61061031e-003 4.72883109e-003 4.84705187e-003 4.96527265e-003 5.08349342e-003 5.20171420e-003 5.31993498e-003 5.43815576e-003 5.55637653e-003 5.67459731e-003 5.79281809e-003 5.91103887e-003 6.02925964e-003 6.14748042e-003 6.26570120e-003 6.38392197e-003 6.50214275e-003 6.62036353e-003 6.73858431e-003 6.85680508e-003 6.97502586e-003 7.09324664e-003 7.21146742e-003 7.32968819e-003 7.44790897e-003 7.56612975e-003 7.68435052e-003 7.80257130e-003 7.92079208e-003 8.03901286e-003 8.15723363e-003 8.27545441e-003 8.39367519e-003 8.51189597e-003 8.63011674e-003 8.74833752e-003 8.86655830e-003 8.98477907e-003 9.10299985e-003 9.22122063e-003 9.33944141e-003 9.45766218e-003 9.57588296e-003 9.69410374e-003 9.81232452e-003 9.93054529e-003 1.00487661e-002 1.01669868e-002 1.02852076e-002 1.04034284e-002 1.05216492e-002 1.06398700e-002 1.07580907e-002 1.08763115e-002 1.09945323e-002 1.11127531e-002 1.12309738e-002 1.13491946e-002 1.14674154e-002 1.15856362e-002 1.17038570e-002 1.18220777e-002
 1.24131816e-004 2.48263632e-004 3.72395449e-004 4.96527265e-004 6.20659081e-004 7.44790897e-004 8.68922713e-004 9.93054529e-004 1.11718635e-003 1.24131816e-003 1.36544998e-003 1.48958179e-003 1.61371361e-003 1.73784543e-003 1.86197724e-003 1.98610906e-003 2.11024087e-003 2.23437269e-003 2.35850451e-003 2.48263632e-003 2.60676814e-003 2.73089996e-003 2.85503177e-003 2.97916359e-003 3.10329540e-003 3.22742722e-003 3.35155904e-003 3.47569085e-003 3.59982267e-003 3.72395449e-003 3.84808630e-003 3.97221812e-003 4.09634993e-003 4.22048175e-003 4.34461357e-003 4.46874538e-003 4.59287720e-003 4.71700901e-003 4.84114083e-003 4.96527265e-003 5.08940446e-003 5.21353628e-003 5.33766810e-003 5.46179991e-003 5.58593173e-003 5.71006354e-003 5.83419536e-003 5.95832718e-003 6.08245899e-003 6.20659081e-003 6.33072262e-003 6.45485444e-003 6.57898626e-003 6.70311807e-003 6.82724989e-003 6.95138171e-003 7.07551352e-003 7.19964534e-003 7.32377715e-003 7.44790897e-003 7.57204079e-003 7.69617260e-003 7.82030442e-003 7.94443623e-003 8.06856805e-003 8.19269987e-003 8.31683168e-003 8.44096350e-003 8.56509532e-003 8.68922713e-003 8.81335895e-003 8.93749076e-003 9.06162258e-003 9.18575440e-003 9.30988621e-003 9.43401803e-003 9.55814984e-003 9.68228166e-003 9.80641348e-003 9.93054529e-003 1.00546771e-002 1.01788089e-002 1.03029407e-002 1.04270726e-002 1.05512044e-002 1.06753362e-002 1.07994680e-002 1.09235998e-002 1.10477316e-002 1.11718635e-002 1.12959953e-002 1.14201271e-002 1.15442589e-002 1.16683907e-002 1.17925225e-002 1.19166544e-002 1.20407862e-002 1.21649180e-002 1.22890498e-002 1.24131816e-002
 1.30042855e-004 2.60085710e-004 3.90128565e-004 5.20171420e-004 6.50214275e-004 7.80257130e-004 9.10299985e-004 1.04034284e-003 1.17038570e-003 1.30042855e-003 1.43047141e-003 1.56051426e-003 1.69055712e-003 1.82059997e-003 1.95064283e-003 2.08068568e-003 2.21072854e-003 2.34077139e-003 2.47081425e-003 2.60085710e-003 2.73089996e-003 2.86094281e-003 2.99098567e-003 3.12102852e-003 3.25107138e-003 3.38111423e-003 3.51115709e-003 3.64119994e-003 3.77124280e-003 3.90128565e-003 4.03132851e-003 4.16137136e-003 4.29141422e-003 4.42145707e-003 4.55149993e-003 4.68154278e-003 4.81158564e-003 4.94162849e-003 5.07167135e-003 5.20171420e-003 5.33175706e-003 5.46179991e-003 5.59184277e-003 5.72188562e-003 5.85192848e-003 5.98197133e-003 6.11201419e-003 6.24205704e-003 6.37209990e-003 6.50214275e-003 6.63218561e-003 6.76222846e-003 6.89227132e-003 7.02231417e-003 7.15235703e-003 7.28239988e-003 7.41244274e-003 7.54248559e-003 7.67252845e-003 7.80257130e-003 7.93261416e-003 8.06265701e-003 8.19269987e-003 8.32274272e-003 8.45278558e-003 8.58282843e-003 8.71287129e-003 8.84291414e-003 8.97295700e-003 9.10299985e-003 9.23304271e-003 9.36308556e-003 9.49312842e-003 9.62317127e-003 9.75321413e-003 9.88325698e-003 1.00132998e-002 1.01433427e-002 1.02733855e-002 1.04034284e-002 1.05334713e-002 1.06635141e-002 1.07935570e-002 1.09235998e-002 1.10536427e-002 1.11836855e-002 1.13137284e-002 1.14437712e-002 1.15738141e-002 1.17038570e-002 1.18338998e-002 1.19639427e-002 1.20939855e-002 1.22240284e-002 1.23540712e-002 1.24841141e-002 1.26141569e-002 1.27441998e-002 1.28742426e-002 1.30042855e-002
 1.35953894e-004 2.71907788e-004 4.07861682e-004 5.43815576e-004 6.79769469e-004 8.15723363e-004 9.51677257e-004 1.08763115e-003 1.22358505e-003 1.35953894e-003 1.49549283e-003 1.63144673e-003 1.76740062e-003 1.90335451e-003 2.03930841e-003 2.17526230e-003 2.31121620e-003 2.44717009e-003 2.58312398e-003 2.71907788e-003 2.85503177e-003 2.99098567e-003 3.12693956e-003 3.26289345e-003 3.39884735e-003 3.53480124e-003 3.67075514e-003 3.80670903e-003 3.94266292e-003 4.07861682e-003 4.21457071e-003 4.35052460e-003 4.48647850e-003 4.62243239e-003 4.75838629e-003 4.89434018e-003 5.03029407e-003 5.16624797e-003 5.30220186e-003 5.43815576e-003 5.57410965e-003 5.71006354e-003 5.84601744e-003 5.98197133e-003 6.11792523e-003 6.25387912e-003 6.38983301e-003 6.52578691e-003 6.66174080e-003 6.79769469e-003 6.93364859e-003 7.06960248e-003 7.20555638e-003 7.34151027e-003 7.47746416e-003 7.61341806e-003 7.74937195e-003 7.88532585e-003 8.02127974e-003 8.15723363e-003 8.29318753e-003 8.42914142e-003 8.56509532e-003 8.70104921e-003 8.83700310e-003 8.97295700e-003 9.10891089e-003 9.24486478e-003 9.38081868e-003 9.51677257e-003 9.65272647e-003 9.78868036e-003 9.92463425e-003 1.00605881e-002 1.01965420e-002 1.03324959e-002 1.04684498e-002 1.06044037e-002 1.07403576e-002 1.08763115e-002 1.10122654e-002 1.11482193e-002 1.12841732e-002 1.14201271e-002 1.15560810e-002 1.16920349e-002 1.18279888e-002 1.19639427e-002 1.20998966e-002 1.22358505e-002 1.23718043e-002 1.25077582e-002 1.26437121e-002 1.27796660e-002 1.29156199e-002 1.30515738e-002 1.31875277e-002 1.33234816e-002 1.34594355e-002 1.35953894e-002
 1.41864933e-004 2.83729866e-004 4.25594798e-004 5.67459731e-004 7.09324664e-004 8.51189597e-004 9.93054529e-004 1.13491946e-003 1.27678439e-003 1.41864933e-003 1.56051426e-003 1.70237919e-003 1.84424413e-003 1.98610906e-003 2.12797399e-003 2.26983892e-003 2.41170386e-003 2.55356879e-003 2.69543372e-003 2.83729866e-003 2.97916359e-003 3.12102852e-003 3.26289345e-003 3.40475839e-003 3.54662332e-003 3.68848825e-003 3.83035318e-003 3.97221812e-003 4.11408305e-003 4.25594798e-003 4.39781292e-003 4.53967785e-003 4.68154278e-003 4.82340771e-003 4.96527265e-003 5.10713758e-003 5.24900251e-003 5.39086744e-003 5.53273238e-003 5.67459731e-003 5.81646224e-003 5.95832718e-003 6.10019211e-003 6.24205704e-003 6.38392197e-003 6.52578691e-003 6.66765184e-003 6.80951677e-003 6.95138171e-003 7.09324664e-003 7.23511157e-003 7.37697650e-003 7.51884144e-003 7.66070637e-003 7.80257130e-003 7.94443623e-003 8.08630117e-003 8.22816610e-003 8.37003103e-003 8.51189597e-003 8.65376090e-003 8.79562583e-003 8.93749076e-003 9.07935570e-003 9.22122063e-003 9.36308556e-003 9.50495050e-003 9.64681543e-003 9.78868036e-003 9.93054529e-003 1.00724102e-002 1.02142752e-002 1.03561401e-002 1.04980050e-002 1.06398700e-002 1.07817349e-002 1.09235998e-002 1.10654648e-002 1.12073297e-002 1.13491946e-002 1.14910596e-002 1.16329245e-002 1.17747894e-002 1.19166544e-002 1.20585193e-002 1.22003842e-002 1.23422492e-002 1.24841141e-002 1.26259790e-002 1.27678439e-002 1.29097089e-002 1.30515738e-002 1.31934387e-002 1.33353037e-002 1.34771686e-002 1.36190335e-002 1.37608985e-002 1.39027634e-002 1.40446283e-002 1.41864933e-002
